%YAML:1.0
---
Time: "Wed Jul  8 15:57:44 2020\n"
imageSize: [ 640, 480 ]
calibrate_Time: 1.4032589000000000e+03
cameraMatrix: !!opencv-matrix
   rows: 3
   cols: 3
   dt: d
   data: [ 7.9641507015667764e+02, 0., 3.1577913194699374e+02, 0.,
       7.9661307355876215e+02, 2.1453452136833957e+02, 0., 0., 1. ]
distCoeffs: !!opencv-matrix
   rows: 1
   cols: 5
   dt: d
   data: [ -1.1949335317713690e+00, 1.8078010700662486e+00,
       4.9410258870084744e-03, 2.8036176641915598e-03,
       -2.0575845684235938e+00 ]
Rotation vector:
   - !!opencv-matrix
      rows: 3
      cols: 1
      dt: d
      data: [ -1.9897402783051289e-02, 1.6919268252457532e-02,
          1.2065152536735371e-02 ]
   - !!opencv-matrix
      rows: 3
      cols: 1
      dt: d
      data: [ -1.7524893732685797e-02, 2.1930038690691864e-02,
          8.6540683005251699e-03 ]
   - !!opencv-matrix
      rows: 3
      cols: 1
      dt: d
      data: [ -2.4630095902147063e-02, -9.1976775237975436e-04,
          9.8101712315321107e-03 ]
   - !!opencv-matrix
      rows: 3
      cols: 1
      dt: d
      data: [ -2.5127417088336310e-02, 1.7834503852882499e-02,
          6.3893333757817803e-04 ]
   - !!opencv-matrix
      rows: 3
      cols: 1
      dt: d
      data: [ -2.0965760423942388e-02, 9.5920092453851968e-03,
          4.3863748052652488e-02 ]
   - !!opencv-matrix
      rows: 3
      cols: 1
      dt: d
      data: [ -2.1746318532960589e-02, 1.6716128939460981e-02,
          7.3658424773578313e-02 ]
   - !!opencv-matrix
      rows: 3
      cols: 1
      dt: d
      data: [ -1.9288806908368268e-02, 1.6242691208946881e-02,
          7.6901249725440768e-02 ]
   - !!opencv-matrix
      rows: 3
      cols: 1
      dt: d
      data: [ -2.1617064455564473e-02, 1.0025211053965158e-02,
          9.9655275758427468e-03 ]
   - !!opencv-matrix
      rows: 3
      cols: 1
      dt: d
      data: [ -2.1923674539140233e-02, 9.4891053497619497e-03,
          3.9168100235686905e-02 ]
   - !!opencv-matrix
      rows: 3
      cols: 1
      dt: d
      data: [ -2.1318234884319266e-02, -5.9923596234054913e-03,
          1.8790340947872984e-02 ]
Translation vector:
   - !!opencv-matrix
      rows: 3
      cols: 1
      dt: d
      data: [ -3.0827285985310970e+00, -2.6477069016033998e+00,
          2.3103413274524417e+01 ]
   - !!opencv-matrix
      rows: 3
      cols: 1
      dt: d
      data: [ -4.6701278976442904e+00, -2.6565674402633448e+00,
          2.3125336604057527e+01 ]
   - !!opencv-matrix
      rows: 3
      cols: 1
      dt: d
      data: [ -1.6814565402384327e+00, -2.6005334934765441e+00,
          2.3032062350609319e+01 ]
   - !!opencv-matrix
      rows: 3
      cols: 1
      dt: d
      data: [ -2.2421415455226743e+00, -5.3456357179794614e+00,
          2.3149533686623727e+01 ]
   - !!opencv-matrix
      rows: 3
      cols: 1
      dt: d
      data: [ -2.2881747741696854e+00, -3.9164739039402194e+00,
          2.3068698842460076e+01 ]
   - !!opencv-matrix
      rows: 3
      cols: 1
      dt: d
      data: [ -1.9350373874020945e+00, -2.2381693692297175e+00,
          2.3059807418657886e+01 ]
   - !!opencv-matrix
      rows: 3
      cols: 1
      dt: d
      data: [ -2.0933883980545160e+00, -9.5059545444204574e-01,
          2.3017038242081064e+01 ]
   - !!opencv-matrix
      rows: 3
      cols: 1
      dt: d
      data: [ -3.2421161068271678e+00, -2.6512571628124975e+00,
          2.3060823176615237e+01 ]
   - !!opencv-matrix
      rows: 3
      cols: 1
      dt: d
      data: [ -4.8998502721948283e+00, -2.7453406977599468e+00,
          2.3044558589269222e+01 ]
   - !!opencv-matrix
      rows: 3
      cols: 1
      dt: d
      data: [ -4.1633138293489724e-01, -2.5328686082771772e+00,
          2.3004314204527763e+01 ]
